15 0.609375 0.9111111111111111 0.08125 0.11111111111111112
15 0.9729166666666667 0.8611111111111112 0.05 0.1
15 0.9822916666666667 0.6805555555555556 0.03125 0.10555555555555556
15 0.9791666666666666 0.5166666666666667 0.0375 0.1
15 0.9791666666666666 0.34861111111111115 0.0375 0.10277777777777779
15 0.9718749999999999 0.18611111111111112 0.052083333333333336 0.1277777777777778
15 0.9791666666666666 0.05555555555555556 0.0375 0.11111111111111112
15 0.42916666666666664 0.6208333333333333 0.06666666666666667 0.08055555555555556
15 0.01875 0.6763888888888889 0.0375 0.075
15 0.026041666666666668 0.6125 0.052083333333333336 0.125
