14 0.526 0.5092879256965944 0.052000000000000005 0.16408668730650156
14 0.392 0.49845201238390097 0.076 0.18575851393188855
14 0.433 0.5015479876160991 0.046 0.1671826625386997
12 0.28200000000000003 0.5928792569659443 0.056 0.1826625386996904
12 0.328 0.5897832817337462 0.036000000000000004 0.1826625386996904
12 0.386 0.5851393188854489 0.068 0.17956656346749228
12 0.427 0.586687306501548 0.022 0.15170278637770898
12 0.47500000000000003 0.5882352941176471 0.042 0.1609907120743034
12 0.527 0.5743034055727555 0.042 0.1393188854489164
12 0.5710000000000001 0.5758513931888545 0.038 0.13622291021671828
