10 0.5444444444444445 0.30416666666666664 0.2555555555555556 0.058333333333333334
10 0.5513888888888889 0.23333333333333334 0.18611111111111112 0.020833333333333332
10 0.5472222222222223 0.26458333333333334 0.2111111111111111 0.05
10 0.07916666666666666 0.25729166666666664 0.10833333333333334 0.06875
10 0.1763888888888889 0.23020833333333332 0.058333333333333334 0.05625
8 0.4166666666666667 0.2520833333333333 0.07222222222222223 0.07083333333333333
8 0.3902777777777778 0.26979166666666665 0.09166666666666667 0.08125
8 0.37222222222222223 0.28854166666666664 0.1 0.09375
8 0.07916666666666666 0.9229166666666666 0.14722222222222223 0.14583333333333334
8 0.3416666666666667 0.23229166666666667 0.07222222222222223 0.05625
10 0.33611111111111114 0.23333333333333334 0.1277777777777778 0.07083333333333333
