16 0.31 0.19066666666666665 0.132 0.13066666666666665
16 0.042 0.264 0.076 0.18666666666666665
16 0.962 0.15866666666666665 0.056 0.04533333333333333
16 0.871 0.16133333333333333 0.03 0.04533333333333333
16 0.967 0.25866666666666666 0.058 0.048
16 0.739 0.156 0.038 0.04
16 0.642 0.152 0.06 0.058666666666666666
16 0.5720000000000001 0.156 0.048 0.04
16 0.037 0.14933333333333332 0.066 0.058666666666666666
16 0.226 0.15466666666666667 0.028 0.042666666666666665
16 0.252 0.18666666666666665 0.036000000000000004 0.064
