2 0.328 0.6453333333333333 0.036000000000000004 0.064
2 0.5700000000000001 0.412 0.028 0.06133333333333333
2 0.8190000000000001 0.19066666666666665 0.042 0.034666666666666665
2 0.659 0.18666666666666665 0.042 0.03733333333333333
2 0.056 0.17866666666666667 0.04 0.03733333333333333
2 0.892 0.19866666666666666 0.028 0.024
2 0.85 0.22 0.028 0.029333333333333333
2 0.43 0.18533333333333332 0.032 0.029333333333333333
2 0.378 0.172 0.028 0.029333333333333333
2 0.108 0.16666666666666666 0.032 0.029333333333333333
2 0.213 0.16133333333333333 0.03 0.034666666666666665
2 0.6960000000000001 0.30933333333333335 0.02 0.03733333333333333
