3 0.176 0.5168067226890757 0.064 0.036414565826330535
3 0.192 0.3753501400560224 0.056 0.10644257703081232
3 0.021 0.3137254901960784 0.03 0.05042016806722689
3 0.07200000000000001 0.32633053221288516 0.032 0.025210084033613446
3 0.117 0.3123249299719888 0.034 0.06442577030812326
3 0.127 0.2969187675070028 0.03 0.028011204481792718
3 0.17200000000000001 0.29551820728291317 0.008 0.03081232492997199
3 0.178 0.3179271708683473 0.032 0.058823529411764705
3 0.216 0.29411764705882354 0.02 0.028011204481792718
3 0.226 0.3165266106442577 0.036000000000000004 0.06162464985994398
3 0.28500000000000003 0.31932773109243695 0.038 0.06162464985994398
3 0.315 0.3137254901960784 0.022 0.05042016806722689
3 0.329 0.32072829131652664 0.026000000000000002 0.05322128851540616
3 0.341 0.31932773109243695 0.046 0.028011204481792718
3 0.465 0.31932773109243695 0.03 0.06162464985994398
3 0.485 0.30532212885154064 0.03 0.06162464985994398
3 0.512 0.3333333333333333 0.044 0.07282913165266107
3 0.546 0.3179271708683473 0.04 0.06442577030812326
3 0.596 0.32492997198879553 0.032 0.06162464985994398
3 0.681 0.32072829131652664 0.038 0.06442577030812326
3 0.774 0.3025210084033613 0.044 0.07282913165266107
3 0.84 0.31932773109243695 0.044 0.06722689075630252
3 0.853 0.31512605042016806 0.03 0.058823529411764705
3 0.898 0.32633053221288516 0.032 0.05322128851540616
3 0.27 0.4215686274509804 0.056 0.10364145658263306
3 0.616 0.37675070028011204 0.036000000000000004 0.07563025210084033
3 0.784 0.3697478991596639 0.04 0.06722689075630252
3 0.327 0.4341736694677871 0.046 0.028011204481792718
