4 0.985 0.3963963963963964 0.022 0.13213213213213212
4 0.962 0.3948948948948949 0.028 0.12912912912912913
4 0.936 0.3918918918918919 0.02 0.12912912912912913
4 0.991 0.5705705705705706 0.014 0.14414414414414414
4 0.972 0.5720720720720721 0.024 0.14114114114114115
4 0.9530000000000001 0.5705705705705706 0.018000000000000002 0.13213213213213212
4 0.933 0.5570570570570571 0.018000000000000002 0.13513513513513514
4 0.918 0.5555555555555556 0.016 0.13813813813813813
4 0.722 0.13813813813813813 0.016 0.1021021021021021
4 0.733 0.12762762762762764 0.01 0.10510510510510511
4 0.746 0.12462462462462462 0.016 0.10510510510510511
4 0.762 0.12312312312312312 0.02 0.12012012012012012
4 0.789 0.11561561561561562 0.022 0.12912912912912913
4 0.811 0.10810810810810811 0.022 0.13213213213213212
