16 0.17814371257485032 0.59 0.11676646706586827 0.092
16 0.7634730538922156 0.326 0.08383233532934133 0.07200000000000001
16 0.31886227544910184 0.377 0.08083832335329341 0.058
16 0.1347305389221557 0.559 0.14970059880239522 0.08600000000000001
16 0.0658682634730539 0.552 0.08982035928143713 0.1
16 0.1601796407185629 0.34400000000000003 0.15868263473053892 0.064
16 0.31137724550898205 0.313 0.08383233532934133 0.062
16 0.44610778443113774 0.28800000000000003 0.08383233532934133 0.068
16 0.6107784431137725 0.29 0.0658682634730539 0.056
16 0.6721556886227545 0.27 0.08083832335329341 0.06
16 0.2440119760479042 0.278 0.11676646706586827 0.06
16 0.07634730538922156 0.138 0.0688622754491018 0.056
16 0.07185628742514971 0.098 0.0658682634730539 0.044
16 0.8338323353293414 0.209 0.11676646706586827 0.05
16 0.5883233532934132 0.137 0.062874251497006 0.038
16 0.655688622754491 0.155 0.0658682634730539 0.042
16 0.7365269461077845 0.17 0.0658682634730539 0.044
16 0.7919161676646707 0.179 0.04491017964071856 0.042
16 0.7410179640718564 0.128 0.08682634730538923 0.032
16 0.845808383233533 0.162 0.056886227544910184 0.048
16 0.9730538922155689 0.15 0.04790419161676647 0.044
16 0.9580838323353293 0.456 0.07784431137724551 0.088
