2 0.209 0.5439999999999999 0.066 0.16533333333333333
2 0.242 0.5093333333333333 0.048 0.11733333333333333
2 0.167 0.416 0.066 0.128
2 0.14100000000000001 0.3506666666666667 0.042 0.09866666666666667
2 0.052000000000000005 0.38 0.044 0.104
2 0.033 0.2773333333333333 0.042 0.08
2 0.08 0.27999999999999997 0.056 0.10133333333333333
2 0.209 0.30933333333333335 0.042 0.112
2 0.242 0.24266666666666667 0.052000000000000005 0.096
2 0.292 0.25466666666666665 0.036000000000000004 0.09866666666666667
2 0.372 0.2573333333333333 0.036000000000000004 0.11466666666666667
2 0.52 0.26666666666666666 0.048 0.08533333333333333
2 0.535 0.3173333333333333 0.038 0.09066666666666666
2 0.621 0.304 0.046 0.10666666666666666
2 0.668 0.38666666666666666 0.048 0.10133333333333333
2 0.653 0.33199999999999996 0.038 0.07733333333333334
2 0.8180000000000001 0.35466666666666663 0.044 0.11733333333333333
2 0.772 0.46266666666666667 0.052000000000000005 0.12
2 0.761 0.40399999999999997 0.034 0.09333333333333332
2 0.868 0.41333333333333333 0.044 0.096
2 0.9540000000000001 0.46399999999999997 0.06 0.13866666666666666
2 0.723 0.37866666666666665 0.07 0.11733333333333333
2 0.98 0.6813333333333333 0.036000000000000004 0.06666666666666667
2 0.913 0.49466666666666664 0.07 0.08266666666666667
2 0.657 0.48266666666666663 0.038 0.11733333333333333
2 0.681 0.28933333333333333 0.058 0.072
