10 0.063 0.512 0.126 0.18666666666666665
8 0.9550000000000001 0.7266666666666667 0.08600000000000001 0.22133333333333333
8 0.255 0.9133333333333333 0.28200000000000003 0.16799999999999998
8 0.14200000000000002 0.8573333333333333 0.14 0.27999999999999997
8 0.189 0.6133333333333333 0.082 0.20266666666666666
8 0.165 0.4706666666666667 0.022 0.07733333333333334
8 0.13 0.44 0.024 0.026666666666666665
8 0.10300000000000001 0.42666666666666664 0.026000000000000002 0.016
8 0.07200000000000001 0.424 0.032 0.026666666666666665
8 0.031 0.5746666666666667 0.05 0.07733333333333334
8 0.016 0.5293333333333333 0.032 0.018666666666666665
