14 0.342 0.2590909090909091 0.068 0.06818181818181818
2 0.646 0.6784090909090909 0.108 0.08409090909090909
2 0.637 0.6363636363636364 0.026000000000000002 0.02727272727272727
2 0.579 0.6625 0.026000000000000002 0.07045454545454545
2 0.888 0.6590909090909091 0.092 0.06818181818181818
2 0.084 0.6511363636363636 0.032 0.075
2 0.601 0.8715909090909091 0.038 0.08409090909090909
2 0.642 0.8068181818181818 0.112 0.07727272727272727
2 0.707 0.8681818181818182 0.07 0.08636363636363636
2 0.919 0.8193181818181817 0.062 0.06136363636363636
2 0.848 0.8920454545454545 0.136 0.08863636363636364
