3 0.432 0.896 0.04 0.096
3 0.462 0.8986666666666666 0.02 0.032
3 0.505 0.776 0.046 0.07466666666666666
3 0.46 0.7693333333333333 0.048 0.07733333333333334
3 0.41200000000000003 0.7746666666666666 0.048 0.06133333333333333
3 0.445 0.7013333333333334 0.03 0.064
3 0.41200000000000003 0.6973333333333334 0.028 0.04
3 0.377 0.7053333333333333 0.034 0.050666666666666665
3 0.34600000000000003 0.7106666666666667 0.028 0.04533333333333333
3 0.394 0.6626666666666666 0.024 0.034666666666666665
3 0.334 0.6333333333333333 0.092 0.09866666666666667
3 0.337 0.6666666666666666 0.022 0.032
3 0.295 0.5666666666666667 0.034 0.04
3 0.264 0.564 0.032 0.034666666666666665
3 0.263 0.5066666666666666 0.018000000000000002 0.03733333333333333
3 0.233 0.49466666666666664 0.03 0.06666666666666667
3 0.215 0.516 0.022 0.034666666666666665
