4 0.24 0.2147147147147147 0.056 0.2012012012012012
4 0.334 0.22972972972972971 0.07200000000000001 0.2072072072072072
4 0.3 0.14414414414414414 0.048 0.13213213213213212
4 0.389 0.1831831831831832 0.042 0.1921921921921922
4 0.424 0.3033033033033033 0.056 0.26426426426426425
4 0.52 0.32732732732732733 0.064 0.24024024024024024
4 0.523 0.14564564564564564 0.054 0.14114114114114115
4 0.47100000000000003 0.18768768768768768 0.05 0.13513513513513514
4 0.438 0.1066066066066066 0.052000000000000005 0.13513513513513514
4 0.364 0.07957957957957958 0.052000000000000005 0.11711711711711711
4 0.5680000000000001 0.17267267267267267 0.04 0.05105105105105105
4 0.679 0.1996996996996997 0.054 0.0990990990990991
4 0.721 0.18468468468468469 0.058 0.15915915915915915
4 0.758 0.12462462462462462 0.056 0.1111111111111111
4 0.786 0.2147147147147147 0.056 0.08708708708708708
4 0.8200000000000001 0.19369369369369369 0.06 0.12912912912912913
4 0.901 0.24774774774774774 0.058 0.0990990990990991
4 0.93 0.19369369369369369 0.06 0.08708708708708708
4 0.965 0.13513513513513514 0.054 0.08408408408408408
4 0.858 0.11411411411411411 0.044 0.07807807807807808
