8 0.679 0.8066666666666666 0.226 0.3813333333333333
4 0.502 0.39599999999999996 0.028 0.14666666666666667
4 0.461 0.3893333333333333 0.03 0.144
4 0.481 0.39866666666666667 0.03 0.14133333333333334
4 0.435 0.38666666666666666 0.026000000000000002 0.13333333333333333
4 0.151 0.28933333333333333 0.018000000000000002 0.06133333333333333
4 0.171 0.28933333333333333 0.018000000000000002 0.06666666666666667
4 0.186 0.29466666666666663 0.016 0.050666666666666665
4 0.198 0.292 0.02 0.06133333333333333
4 0.216 0.28933333333333333 0.02 0.072
4 0.231 0.2906666666666667 0.018000000000000002 0.058666666666666666
4 0.246 0.292 0.02 0.06133333333333333
