4 0.906 0.9429429429429429 0.184 0.10810810810810811
4 0.258 0.521021021021021 0.092 0.12312312312312312
4 0.341 0.5255255255255256 0.078 0.11411411411411411
4 0.432 0.5255255255255256 0.084 0.12612612612612611
4 0.47100000000000003 0.4174174174174174 0.078 0.12012012012012012
4 0.512 0.3138138138138138 0.076 0.11711711711711711
4 0.55 0.4144144144144144 0.08 0.12612612612612611
4 0.513 0.527027027027027 0.078 0.12312312312312312
4 0.594 0.53003003003003 0.088 0.12312312312312312
4 0.638 0.42042042042042044 0.076 0.1021021021021021
4 0.595 0.31681681681681684 0.082 0.12312312312312312
4 0.636 0.20270270270270271 0.084 0.12912912912912913
4 0.68 0.3108108108108108 0.08 0.11711711711711711
4 0.725 0.4174174174174174 0.078 0.12612612612612611
4 0.684 0.524024024024024 0.076 0.11711711711711711
4 0.764 0.527027027027027 0.084 0.11711711711711711
4 0.797 0.4114114114114114 0.078 0.10810810810810811
4 0.762 0.30930930930930933 0.084 0.11411411411411411
4 0.847 0.3063063063063063 0.09 0.12612612612612611
4 0.892 0.4189189189189189 0.1 0.11711711711711711
4 0.852 0.53003003003003 0.088 0.11711711711711711
4 0.9420000000000001 0.5315315315315315 0.096 0.13213213213213212
