8 0.355 0.6506024096385542 0.034 0.16265060240963855
8 0.198 0.6280120481927711 0.056 0.13554216867469882
8 0.248 0.5602409638554218 0.04 0.05421686746987952
8 0.20800000000000002 0.572289156626506 0.024 0.04819277108433735
8 0.294 0.569277108433735 0.032 0.04819277108433735
8 0.339 0.572289156626506 0.03 0.07228915662650603
8 0.4 0.5783132530120483 0.024 0.04819277108433735
8 0.5 0.5948795180722892 0.032 0.11746987951807229
8 0.525 0.6114457831325302 0.018000000000000002 0.12048192771084337
8 0.549 0.6159638554216867 0.022 0.11144578313253013
