10 0.737 0.424 0.522 0.20266666666666666
10 0.20500000000000002 0.8946666666666666 0.41000000000000003 0.20533333333333334
10 0.281 0.17733333333333332 0.506 0.13599999999999998
10 0.741 0.14933333333333332 0.162 0.112
8 0.874 0.22666666666666666 0.064 0.22933333333333333
8 0.9410000000000001 0.42 0.114 0.216
8 0.781 0.264 0.154 0.16
8 0.259 0.19866666666666666 0.078 0.12533333333333332
8 0.304 0.22799999999999998 0.096 0.12533333333333332
8 0.426 0.25066666666666665 0.1 0.224
14 0.138 0.06933333333333333 0.068 0.13866666666666666
