4 0.9590000000000001 0.47147147147147145 0.078 0.5825825825825826
4 0.973 0.12612612612612611 0.05 0.25225225225225223
4 0.855 0.0990990990990991 0.19 0.1981981981981982
4 0.669 0.10810810810810811 0.19 0.21621621621621623
4 0.541 0.1036036036036036 0.07 0.2072072072072072
4 0.34600000000000003 0.08108108108108109 0.084 0.16216216216216217
4 0.14300000000000002 0.06456456456456457 0.078 0.12912912912912913
4 0.046 0.8573573573573573 0.092 0.27927927927927926
4 0.125 0.948948948948949 0.154 0.0960960960960961
4 0.312 0.9714714714714715 0.14400000000000002 0.05105105105105105
4 0.507 0.9819819819819819 0.11 0.03003003003003003
