8 0.965 0.4053333333333333 0.066 0.07466666666666666
8 0.896 0.42666666666666664 0.052000000000000005 0.176
8 0.9530000000000001 0.532 0.09 0.09333333333333332
8 0.8320000000000001 0.5813333333333334 0.052000000000000005 0.192
8 0.764 0.412 0.036000000000000004 0.10933333333333332
8 0.723 0.356 0.03 0.056
8 0.022 0.576 0.04 0.176
8 0.45 0.49466666666666664 0.108 0.14133333333333334
8 0.58 0.46399999999999997 0.056 0.21333333333333332
8 0.587 0.432 0.094 0.19733333333333333
14 0.45 0.33466666666666667 0.10400000000000001 0.12533333333333332
