10 0.926 0.8953488372093024 0.14 0.16279069767441862
10 0.672 0.8209302325581396 0.184 0.14418604651162792
8 0.804 0.8906976744186046 0.12 0.2
8 0.722 0.8697674418604651 0.044 0.21395348837209302
8 0.804 0.7651162790697674 0.06 0.08837209302325581
8 0.67 0.8744186046511628 0.08 0.22325581395348837
8 0.603 0.741860465116279 0.03 0.03255813953488372
8 0.588 0.8418604651162791 0.056 0.22325581395348837
8 0.554 0.7604651162790698 0.016 0.06046511627906977
8 0.548 0.8930232558139535 0.064 0.19534883720930232
8 0.493 0.8093023255813954 0.05 0.10232558139534884
8 0.516 0.7581395348837209 0.028 0.046511627906976744
8 0.38 0.7930232558139535 0.068 0.07906976744186046
8 0.294 0.9069767441860465 0.124 0.15813953488372093
8 0.224 0.8186046511627907 0.064 0.11162790697674418
8 0.255 0.7813953488372093 0.022 0.046511627906976744
8 0.177 0.8093023255813954 0.018000000000000002 0.13023255813953488
8 0.13 0.8627906976744186 0.052000000000000005 0.22790697674418603
14 0.9510000000000001 0.7186046511627907 0.074 0.1813953488372093
14 0.122 0.7 0.06 0.11627906976744186
14 0.08600000000000001 0.7093023255813954 0.028 0.12558139534883722
14 0.047 0.7209302325581395 0.05 0.14883720930232558
