9 0.398 0.5652866242038217 0.02 0.054140127388535034
9 0.459 0.571656050955414 0.042 0.054140127388535034
9 0.976 0.6369426751592357 0.044 0.03184713375796178
9 0.9380000000000001 0.6369426751592357 0.036000000000000004 0.0445859872611465
9 0.931 0.6162420382165605 0.05 0.02229299363057325
9 0.842 0.6114649681528663 0.028 0.03184713375796178
9 0.77 0.6114649681528663 0.044 0.03184713375796178
6 0.776 0.5652866242038217 0.052000000000000005 0.02229299363057325
6 0.649 0.5652866242038217 0.046 0.03503184713375796
6 0.496 0.5621019108280255 0.04 0.028662420382165606
