8 0.728 0.8946666666666666 0.112 0.152
8 0.805 0.9293333333333333 0.10200000000000001 0.13599999999999998
8 0.9480000000000001 0.9093333333333333 0.1 0.17066666666666666
8 0.435 0.9266666666666666 0.162 0.14133333333333334
8 0.391 0.892 0.114 0.152
10 0.517 0.8453333333333333 0.154 0.096
8 0.061 0.9 0.106 0.19466666666666665
14 0.559 0.7146666666666667 0.038 0.096
14 0.972 0.7999999999999999 0.052000000000000005 0.24533333333333332
14 0.737 0.7253333333333333 0.054 0.144
14 0.784 0.7306666666666667 0.048 0.14933333333333332
14 0.188 0.696 0.036000000000000004 0.07466666666666666
