16 0.47500000000000003 0.368 0.054 0.05333333333333333
16 0.503 0.3813333333333333 0.054 0.048
16 0.5660000000000001 0.38666666666666666 0.056 0.05333333333333333
16 0.657 0.4026666666666667 0.082 0.05333333333333333
16 0.397 0.35733333333333334 0.042 0.026666666666666665
16 0.137 0.4666666666666667 0.078 0.16
16 0.209 0.4613333333333333 0.082 0.18133333333333332
16 0.367 0.45199999999999996 0.07 0.184
16 0.378 0.368 0.18 0.06933333333333333
16 0.757 0.3773333333333333 0.046 0.04
16 0.622 0.36933333333333335 0.04 0.029333333333333333
