2 0.867 0.6949404761904762 0.022 0.03273809523809523
2 0.835 0.7247023809523809 0.018000000000000002 0.03869047619047619
2 0.8170000000000001 0.7485119047619048 0.018000000000000002 0.04464285714285714
2 0.655 0.7514880952380952 0.03 0.04464285714285714
2 0.619 0.681547619047619 0.03 0.03571428571428571
2 0.5630000000000001 0.6651785714285714 0.03 0.03869047619047619
2 0.503 0.7202380952380952 0.038 0.041666666666666664
2 0.42 0.6934523809523809 0.036000000000000004 0.03571428571428571
2 0.52 0.6666666666666666 0.036000000000000004 0.03571428571428571
2 0.34600000000000003 0.712797619047619 0.032 0.04464285714285714
2 0.495 0.6889880952380952 0.034 0.03273809523809523
2 0.494 0.6726190476190476 0.032 0.023809523809523808
2 0.41500000000000004 0.6547619047619048 0.026000000000000002 0.03571428571428571
2 0.368 0.6800595238095237 0.032 0.03869047619047619
2 0.378 0.6636904761904762 0.028 0.02976190476190476
2 0.385 0.644345238095238 0.03 0.03273809523809523
2 0.338 0.6294642857142857 0.02 0.03273809523809523
2 0.304 0.65625 0.028 0.03273809523809523
2 0.199 0.6889880952380952 0.026000000000000002 0.03869047619047619
2 0.246 0.6473214285714285 0.024 0.03869047619047619
2 0.22 0.644345238095238 0.028 0.04464285714285714
2 0.17200000000000001 0.6220238095238095 0.028 0.03571428571428571
2 0.034 0.6458333333333333 0.02 0.03571428571428571
2 0.117 0.6458333333333333 0.034 0.03571428571428571
2 0.093 0.6711309523809523 0.038 0.03273809523809523
2 0.088 0.6547619047619048 0.032 0.03571428571428571
